C:        12.33370238399948
Cython:   12.640119413999855
CPython:  318.6507771689994
